1.890262450174626241e-02 2.290780625568028181e-02 -6.169608005660571354e-02 5.369746545065640086e-02 -3.248138084829083061e-02 -5.679381033270591850e-04 -4.048608663329803653e-02 -2.280880109217930593e-03 7.858040992222911636e-03 3.647871642936006964e-03 -9.475173538902531556e-02 4.357298999938202105e-02 -9.645199766655341775e-03 4.668805050377848598e-02 6.517083193160953802e-02
1.623931041291346716e-02 -2.739765621559052400e-03 -2.595522738120494693e-02 6.885528515735606092e-02 -5.257852401790851643e-02 -5.158766360726509126e-02 -7.997635459962865179e-02 -1.674061441826286967e-02 5.678555605566335679e-02 -3.538754197823244796e-02 -5.076160502743939928e-02 -2.399478416887116522e-02 1.297168860259073978e-02 3.153931062523131212e-02 3.213384565174901009e-02
3.775380459271006350e-02 3.227321834235467174e-03 -6.487703470408390238e-02 4.274620861835860819e-02 1.188129625667770986e-02 -5.723835040170995730e-02 -4.777568820102568586e-03 -1.726401960345244624e-02 2.256879605361135355e-02 -5.848040865082412831e-02 -9.060515900288518276e-02 6.964714702028569626e-02 -5.880424325209937519e-02 3.770584088176410359e-02 1.753550008474989361e-02
4.401306914432766976e-02 -3.639524347774383828e-03 -1.718263794501568784e-02 2.923389790891873369e-02 -1.656919519815844982e-02 -8.889917655425319531e-02 -7.126226980994704308e-02 -4.587560905036800613e-02 2.668866985919809975e-02 3.436800774280585752e-02 -7.677110333873665704e-02 3.385438632516365315e-02 5.874838534101072679e-03 -2.088820956205254473e-02 1.560269827470514223e-02
1.153209199372033644e-02 1.567253377816258883e-02 -3.243800049313966261e-02 4.656830707388230628e-02 1.051606679654986526e-02 -4.290585296753039041e-02 3.384956711701421483e-03 -8.511948238701091962e-03 6.464187918430884527e-02 2.907607400440518838e-02 -1.348323265449340169e-01 1.465160690500299893e-02 -7.213722947185950696e-02 3.400531057420194680e-02 3.219084062927324297e-02
-3.002000248675259358e-02 4.151937923540309494e-02 -4.939106064097616156e-02 4.291818724823241032e-02 -8.778368488088170163e-02 -9.435700292445373116e-02 1.740488233319400710e-02 -4.413412074081984882e-02 1.203844858395467787e-01 -4.588623778953525995e-02 -1.266970532081712897e-01 6.052709058232907252e-02 -6.955092292196829451e-02 -4.731931567121826915e-03 4.548245530409250614e-02
-5.460922448669418977e-02 3.695515902372600858e-02 -9.390633182507296395e-02 3.809276419283945392e-02 -8.756590602509564669e-02 -4.789672903047476754e-02 4.169925685907330259e-02 -4.838610418388004236e-02 9.542533917781891029e-02 -6.441155749865826174e-02 -1.506981294829934370e-01 3.582070271208915441e-02 -2.701233124719315537e-02 4.747444083447982521e-02 6.846469227856440132e-02
-3.154381543820940215e-02 7.504688264577874524e-02 -5.856996738669251190e-02 9.786347845861087524e-02 -1.740076600370303941e-02 -1.154703669062498161e-01 -6.560337164368922405e-03 -8.122034158028081097e-02 1.161462673260371947e-01 -6.807384406186621495e-02 -1.205949661792631855e-01 8.858990025109303446e-02 -7.311917385611878262e-02 2.670560293153338011e-02 1.150199824435624574e-01
-5.352746701237739990e-02 3.719080827915665494e-02 -7.708686363033213917e-02 6.264032502980136641e-02 -3.927514749732521904e-02 -9.511465247796759004e-02 4.481059317357823785e-02 1.204162287085073536e-03 5.627650808467719867e-02 -5.774062009088051783e-02 -7.253226262978366978e-02 1.332393465864644203e-02 -1.027066815179777798e-01 -3.097779552267620334e-02 1.301986134042412702e-01
-4.635828701847462263e-02 5.567016243077162196e-02 -2.197209429144209025e-02 7.068548508991488732e-03 -4.958100220447932138e-02 -1.008586393628821271e-01 -3.115378584145097121e-02 -3.030313148809138726e-02 1.402255637754626361e-01 -6.059462495243965463e-02 -1.512546051794148583e-01 1.712120652359378978e-02 -8.218102202318519622e-02 -1.115024605493661336e-02 7.504320947804578312e-02
-4.720532020066360579e-02 6.674060327757744271e-02 -3.897417648201195739e-02 -7.008454743091727807e-03 -3.975862123048119756e-02 -1.174694954378152217e-01 4.413254776879840802e-02 -5.412629585883010214e-02 1.305606082507743126e-01 -7.895076951880745236e-03 -1.381997994592529533e-01 9.934848299611233335e-02 -3.231998548141937211e-02 -3.818346742332619226e-02 1.437066772354397837e-01
4.009270742488577760e-02 1.862681718795691083e-03 -1.053145655273265424e-01 2.444153890809125373e-02 -1.037816919347421263e-01 -8.094972069257065639e-02 1.697933278051319550e-02 -2.753446710204135450e-02 6.977941467452378199e-02 -3.006919232073370502e-02 -1.685618571127258380e-01 4.445256645922507355e-02 -9.931721940890618494e-02 -1.469574563743272951e-02 1.638867391639826643e-01
-8.998400332813939750e-03 1.148223349755397513e-02 -1.089128406389240911e-01 3.316436933575263313e-02 -1.128010632191715490e-01 -1.382199944607519770e-01 1.955892714494550377e-02 -3.719296231377938744e-02 9.899751373326363957e-02 6.645340904673823282e-03 -1.120615860072642356e-01 2.196806963286800432e-02 -8.245323179039053263e-02 -7.770875906398790056e-02 1.746757188547417017e-01
-7.800774551904275655e-04 6.384739353447187182e-02 -3.516631817913895564e-02 -2.773508685992890146e-03 -2.690475859389006991e-02 -5.854637422128114443e-02 7.484733688047970346e-02 6.517116922927865090e-03 1.501782339634663288e-01 -6.339139898998856493e-02 -1.655528739251031778e-01 5.746568473716702485e-02 -3.962205041895303093e-02 -2.640169965322012799e-02 1.845744864067352387e-01
-4.015567442515323437e-02 5.804192124533368718e-02 -4.083506787022287560e-02 2.833547362633131658e-02 -1.137279468016733075e-01 -1.318846238353561795e-01 4.388307752712469756e-02 -6.405017509876133330e-02 1.174274571541210344e-01 -2.912756776142755993e-02 -1.696944014973346959e-01 1.741319733450976542e-02 -3.392861277623610700e-02 -8.285188193569029136e-02 1.238296035862662264e-01
-3.505235585673702019e-03 2.528074548451134801e-02 -3.967968577745210196e-02 1.810650946511434614e-02 -8.100720342938316776e-02 -6.604091973002471083e-02 -6.681012819441181638e-03 -7.270630229677439715e-02 1.263211544203739489e-01 -1.473414643768678617e-02 -1.185864611189651752e-01 7.187296842375652528e-02 -4.346115495336525664e-02 -8.309351732451666916e-02 1.242301295295195895e-01
2.175296238769335033e-02 7.767508305107110808e-03 -3.475970281529985190e-02 2.607982271819786306e-03 -1.784404574881010355e-02 -6.814367747059379976e-02 8.518951241252310791e-02 -7.795459766761232007e-04 1.438302291114734732e-01 -8.933595137081000448e-02 -8.880975878731202366e-02 1.038045331638874080e-01 -1.111013737454931566e-01 -4.613157016671905197e-02 1.241067084159334089e-01
1.448023929344411515e-02 3.656941268923346190e-03 -9.105779144593702246e-02 2.073101605139909126e-02 -1.071081198033991960e-01 -1.144638586440775430e-01 3.624046962734091357e-03 -6.516896415377297636e-02 8.879574276243921982e-02 -3.109646857251282051e-02 -1.250215298825846921e-01 4.756970337609946198e-02 -1.051764834530889842e-01 -1.184903995222962199e-02 1.944015192487549837e-01
2.425221233388233019e-02 8.305972844114951903e-02 -1.268129906865805290e-01 3.043339698327943155e-02 -4.447165256551002810e-02 -1.104111631019128875e-01 -7.330155655308056607e-03 -8.064736316577425512e-02 1.192297922521241144e-01 -1.037896395898307428e-01 -1.256038718578639524e-01 8.231998537383894421e-02 -6.803555327978556833e-02 5.588637442113488646e-03 2.159221137597923668e-01
3.070839549478376548e-02 7.995148473977072012e-02 -1.270581389353526158e-01 4.866067454577592544e-02 -9.353863026093031663e-02 -8.122698212303314236e-02 -1.127593770869225742e-03 -4.509645842015346656e-02 1.022771863237047080e-01 -3.186589955081824826e-02 -9.172101436798589524e-02 4.954920331876982303e-02 -5.191705217541808109e-02 -5.980858262564259925e-02 1.495003335406445977e-01
5.155816853612239792e-02 7.358624936820351570e-03 -8.089773336818995020e-02 3.951372764720140901e-02 -4.335199054258496998e-02 -1.224314911132518280e-01 8.338262203627039293e-02 -9.137675876839143618e-02 1.560012712076416508e-01 -3.305613504869214098e-02 -1.649757007885159776e-01 2.212147117399146032e-02 -4.479081093244875050e-02 4.520582864702641507e-05 1.256377638821321030e-01
-7.537117322927867902e-03 3.062060143361371861e-02 -1.118059945672466582e-01 5.923404204606138451e-02 -8.051091792694576449e-03 -1.134848480446874475e-01 7.145764386449882100e-02 -3.325192969775467994e-02 1.252138125964084858e-01 -8.074419973541120676e-02 -1.381798723488988911e-01 9.026218704295961570e-02 -9.145161195479195593e-02 -1.615611852341823293e-02 1.596386562514085228e-01
1.724590658861969994e-02 5.347432498185562127e-02 -1.439407729800511460e-01 5.777778113593563108e-02 -1.311000082492655081e-02 -1.048284407520955197e-01 5.238845467882780049e-02 -6.288258404529199763e-02 9.843369596790582654e-02 -2.176832030016064706e-02 -1.096841500039380385e-01 3.069867840331571771e-02 -2.121343347330397269e-02 -3.601515812795506172e-02 1.653423899404436181e-01
2.860044130439565874e-02 -1.562156264156309114e-02 -7.298202527869555867e-02 5.600252696254971740e-02 -7.583721185209660320e-02 -8.910212599772365794e-02 8.110382223707594818e-02 -2.985765736113627639e-02 6.692887506525092844e-02 -2.718094765009215069e-02 -1.627997568406276130e-01 7.050334455233593645e-02 -2.386036165158197248e-02 -8.553305139576485028e-02 2.286279063256236310e-01
2.629571419147046230e-02 9.456781289108512345e-03 -1.730477793985705781e-01 6.129439142502531024e-02 -3.468026503963923465e-03 -6.825330483287260497e-02 -1.305569340325078709e-02 -7.602487411040804999e-02 5.183007178722408292e-02 -5.718392427766660208e-02 -1.559052468417486403e-01 6.351617497970481196e-02 -4.629647201452113947e-02 -9.731643393850986437e-03 2.059560668676154727e-01
1.074480020835925365e-01 5.055333172541594949e-02 -1.511993989647061054e-01 -2.256582800583432913e-03 -1.276840354249836676e-02 -5.318331932036852311e-02 -1.074251479054051314e-02 -4.238002488783631366e-02 6.480822198175559268e-02 -1.281599802204204941e-01 -1.238064175594360689e-01 8.448349687433871769e-02 -1.783796652046627448e-02 -3.739846692144871421e-02 1.534223754381754956e-01
5.294481987711038840e-02 3.573055402800653230e-02 -1.570163295204443921e-01 1.564375373073008044e-02 -5.774127150711509671e-03 -3.540056767301803797e-02 7.332700334087075000e-03 -6.555640447061464315e-02 3.213249372228766526e-02 -4.059988554243956771e-02 -1.388524045777156934e-01 4.621180382474334575e-02 1.721487888628590174e-02 -4.756999858638913392e-02 2.252059465015905371e-01
1.476331524170628740e-01 -3.870010769762101399e-02 -1.821385093639088792e-01 8.496584674105769897e-02 4.198037595254032472e-02 -8.135039606283944735e-02 6.524265340316082185e-02 -1.116090026649592948e-01 1.130141554175385643e-01 -7.539630530988278290e-02 -1.338991552049474676e-01 7.427860366571417683e-02 -4.215666462498900147e-02 2.223858210704098004e-02 2.051198629410456997e-01
7.775268926199767339e-02 1.003674359430708693e-02 -1.649818848720746300e-01 8.897857943018325222e-02 -2.957994924343283760e-02 -8.730597465379420774e-02 -2.103056729574766248e-02 -6.599793462692349344e-02 2.019218998911698898e-02 -7.964379926208603466e-02 -1.371262970978344986e-01 7.769123816176552733e-02 -2.238209801902458357e-02 3.052554982067685191e-02 2.114139115225290300e-01
8.328670736727458723e-02 -4.718793047817211594e-02 -1.761411365868983392e-01 7.656600609028323123e-02 3.154819099039054414e-02 -3.493334757139071600e-02 2.452063050409441364e-02 -9.200598535987010440e-02 3.231094929078157790e-02 -9.113168442879591991e-02 -8.812978426627758599e-02 -1.071890734144906321e-02 2.999659385928835770e-02 4.056661257315630209e-03 1.548661355039642473e-01
1.767598207620329487e-01 -1.251796237747716117e-02 -1.914328012939696955e-01 8.333877531851681397e-02 4.424112773073197308e-02 -5.774911320447054242e-02 5.277592320172137808e-02 -6.581079422289988490e-02 9.096749597945390231e-02 -6.352912689158296544e-02 -8.364667418994725656e-02 -1.403687689019288143e-02 4.738159115808245753e-02 -5.510930364018829658e-03 1.413756959719315587e-01
1.731576851001646045e-01 -7.020303120290287413e-02 -2.146431176174848354e-01 6.294928185560086376e-02 2.117371249160392155e-02 -4.782770999554174229e-03 -3.219956294710511757e-02 -3.670238011191727379e-02 8.464385852477324113e-02 -1.143091031809069652e-01 -8.049034378522745836e-02 1.884847598547377892e-02 -8.465050404823207947e-03 3.265979062938896560e-02 1.603629377782671561e-01
1.149430631873813446e-01 -1.868183684558201441e-02 -1.861828081919054134e-01 6.276455667508140657e-02 8.283430725566434671e-02 -1.546253015365678558e-02 -4.184937934350572986e-02 -1.051577652608832320e-01 2.968871509121889102e-02 -1.568937047071402024e-01 -4.991888080974772601e-02 -1.071841601212864675e-02 1.625056782478096970e-02 -2.833737015932845729e-02 2.259147001785136166e-01
1.770700124597077707e-01 -3.990151491059534816e-02 -2.550673422803780288e-01 6.217756624003648730e-02 1.100549784429156186e-01 -3.599652363304072650e-03 -3.955978591140660999e-02 -8.622447625040867425e-02 1.371278376459274945e-02 -1.067704326425349126e-01 -1.429913078922472602e-01 7.496326601666304656e-03 9.707258925193508470e-03 4.237146609255428020e-02 1.284297017005337493e-01
8.726588577520939805e-02 -1.015606294508482332e-03 -2.210319084589777716e-01 1.555578436913859497e-01 -1.395989935709169433e-02 -4.167190008116479494e-02 -7.842931725213568572e-02 -1.203631151041361785e-01 3.944855137494075042e-02 -1.107551164735622456e-01 -1.184703166997994050e-01 -2.674193584782843733e-03 2.953945076956700916e-02 7.442050804607766579e-02 8.336922434479109023e-02
9.187633344949008851e-02 -4.066635614199072546e-02 -1.441077594834859754e-01 1.276397506017765970e-01 6.300054293126078342e-02 -3.365925060444278222e-02 -9.117981059935856281e-02 -1.524085071815946546e-01 5.573101283087226326e-02 -5.195911973742126100e-02 -1.784934831795855492e-01 6.672993864222306892e-02 1.837235904055132749e-02 8.744582187534784279e-02 1.329019580582207483e-01
9.828176112436923240e-02 -1.984180465544077565e-02 -2.051857481182457199e-01 1.698913403681503176e-01 8.423412947757176472e-03 -7.674520263485053173e-02 -9.064758947605247585e-02 -1.467778345788839367e-01 1.905349656812577869e-02 -1.077442581034966373e-01 -1.545466399196270546e-01 4.283435806179847899e-02 6.314176649966006527e-02 3.277970860359652461e-02 7.014354271579381628e-02
1.639294188400508556e-01 -6.733806846169882593e-03 -1.912887405570711796e-01 1.854671775517088839e-01 7.832630767686997453e-02 -5.929278046113654888e-02 -6.109019092254846378e-02 -1.588804025990888102e-01 1.063517983259935906e-02 -8.852637137486935037e-02 -1.692529546795833451e-01 1.652924560391250478e-02 1.772539107318970089e-02 1.090627812555403364e-01 1.468120657272057039e-01
1.881262064368604547e-01 -4.769868021868312741e-03 -2.235043684407095888e-01 2.098946917365249465e-01 4.303448769315523781e-02 -6.528157770815569069e-03 -3.672184961480733090e-02 -1.357828379263338325e-01 1.206757149959183928e-02 -9.834617560409469883e-02 -1.958599581801911960e-01 -1.601905765976907245e-02 2.598297891596412085e-02 9.904489303560444491e-02 1.418670189333727238e-01
1.489516860839180667e-01 7.248183657726701284e-03 -2.502245410337204379e-01 2.377492283674525475e-01 1.130400674933094152e-01 -2.860086420270308016e-02 -5.678246402258178838e-02 -1.392794651992946831e-01 -1.887054135614289058e-02 -7.127565859185105990e-02 -1.421908252505117431e-01 -1.912164645808929822e-02 3.096961889881427038e-02 5.394091261297101481e-02 1.252992544354038229e-01
2.088926354763024629e-01 1.765842558488493405e-02 -2.028861770827212752e-01 1.862682902849352451e-01 6.585136522313182750e-02 -4.352249896661870843e-02 -1.100013297272241092e-01 -1.289006287235996417e-01 3.224448186751101286e-02 -8.878565487777456688e-02 -1.527070144050923228e-01 2.887077289301235791e-02 1.057291906578720214e-01 7.302629152791209610e-02 1.061154399697752104e-01
2.144118079300622315e-01 -4.969821059083615045e-02 -2.218244227650170153e-01 1.838724175282601958e-01 1.317337046585347338e-01 -5.836807241104123058e-03 -1.151460654354327789e-01 -1.293373000353225388e-01 7.348321083587024127e-03 -7.654919501695925388e-02 -1.851916596163935003e-01 -4.390587679148869049e-02 4.325490903049836189e-02 9.211475711406863498e-02 5.881764586333343425e-02
1.812971136949357576e-01 -8.563759840982830551e-02 -2.402863155815951612e-01 2.445821726949068686e-01 1.453788451862779163e-01 2.219857330726453248e-02 -9.507764188846565268e-02 -1.718797312840396052e-01 -6.448019025023805223e-04 -1.029421513183120113e-01 -1.123968202258888716e-01 -1.837988142557607854e-02 7.512158039522560948e-02 8.667786237067795496e-02 1.397416508337963881e-01
1.869754475498835722e-01 -3.878485630998181055e-02 -3.145546692988407389e-01 2.251035706330659358e-01 9.279359591837132992e-02 -1.699762574742386123e-04 -4.829591703335646413e-02 -1.029167790173963204e-01 -6.901333855418781416e-02 -8.109866544226097818e-02 -1.676750391362274717e-01 -5.854135622567337160e-02 5.252949662533904635e-02 1.242498695786939944e-01 5.869442137642458257e-02
2.038446668330583800e-01 -1.989574908362183245e-02 -2.349147619289701505e-01 2.472364519183227749e-01 1.504976131473240719e-01 4.992520215715962051e-02 -6.528297121621248755e-02 -1.586446413274996137e-01 1.608928151115057888e-03 -1.519837408367102904e-01 -1.812823024924956894e-01 -5.299570652901251094e-02 1.537701462549263265e-01 1.186654849609735385e-01 1.187631999118748255e-01
1.911130309131509053e-01 -7.529831220376739798e-02 -3.118284807813010984e-01 1.982032850726229978e-01 1.099081208167184132e-01 3.392883300187681667e-02 -1.006964049991271593e-01 -1.152563868258283247e-01 -2.489972378382040996e-02 -1.307598659532641094e-01 -1.025547356566191559e-01 -5.053873113983880019e-03 1.388208251149584127e-01 1.470426018103049848e-01 1.131304822437671775e-01
2.570537345153285358e-01 -8.109117072211598221e-02 -2.496334379700042017e-01 1.999181058743702000e-01 1.133168004919074129e-01 5.245359254278457450e-03 -1.322086894966945370e-01 -1.858430623238166157e-01 -6.142703437365799879e-02 -1.490886911621763511e-01 -1.200391901951978063e-01 -3.534401991868450083e-02 1.009105094884942266e-01 1.694083577465319013e-01 1.594889586289575112e-01
2.659860972005205770e-01 -8.551750031171545530e-02 -2.894555297380105308e-01 1.609616907387600715e-01 8.438966658113930541e-02 -1.370490191444351420e-02 -8.963804148601434152e-02 -1.245101351050446753e-01 -8.188011924501871486e-02 -7.849673889999808640e-02 -1.770905566342186876e-01 -9.894227906644377860e-03 1.687273223800314637e-01 9.080661349850308039e-02 9.388956666643326343e-02
2.498685178762800052e-01 -1.003233592037615640e-01 -3.372080203169849355e-01 2.345205624646002907e-01 9.604859075263584567e-02 -5.240962319449821681e-03 -9.926061441496157600e-02 -1.055643799204989824e-01 -7.999644617689311010e-02 -8.312859372600756025e-02 -1.215560781196652063e-01 -5.103572897805363356e-02 1.526897787094690373e-01 1.608305655049091787e-01 7.836638011050928165e-02
2.877610309862236870e-01 -5.109221701406409938e-02 -2.807243492492818571e-01 1.738817801212232672e-01 1.882075139377676620e-01 2.419587273334007291e-02 -1.235257670224866183e-01 -1.996589149899451465e-01 -3.459008289590144447e-02 -1.500704480232622762e-01 -1.737780132354604656e-01 -2.416855690500123444e-02 1.519292110646800753e-01 1.547229174148611053e-01 1.052334894880331551e-01
2.188792155885440904e-01 -4.672457267464987657e-02 -3.471105892307706497e-01 1.703164579057613037e-01 1.080911114563355285e-01 7.501925886109168939e-02 -1.045763023587298196e-01 -1.339837886954853841e-01 -2.700397358951530172e-02 -1.086566630207047995e-01 -1.481401044330336314e-01 1.300459373704412371e-02 1.734227439874001242e-01 1.689100058610794042e-01 1.151000859503146789e-01
2.308042779234412145e-01 -6.733932933407552057e-02 -2.853647990220807285e-01 1.876123706350331932e-01 1.791770277086459640e-01 2.827196656570924241e-02 -1.255482684755401812e-01 -1.634797390128439887e-01 1.723427952258630921e-03 -1.485820098272190581e-01 -1.427945910673750207e-01 -3.296660802172630966e-02 8.415424740421675875e-02 1.652475411314503484e-01 1.099902176332255149e-01
2.636471681824374413e-01 -3.510631266127324512e-02 -2.979566613730006419e-01 1.608856091328846605e-01 1.022616056427783499e-01 -8.951211211111574986e-03 -1.409443662616559623e-01 -1.263824410757897476e-01 -3.164805532770530866e-02 -9.193342230999919373e-02 -1.868920743155506603e-01 -4.727982289570534929e-02 1.350061204225601330e-01 7.426110255528467485e-02 1.012048411341157778e-01
2.376703392739373255e-01 -6.175561146733073853e-02 -2.948815694016885813e-01 2.002958150499092871e-01 1.258198385891377835e-01 3.386572572729070613e-02 -7.295742523481481279e-02 -1.203543189651782447e-01 -9.695949454266609285e-03 -1.154588594149340564e-01 -9.917123838027491756e-02 -2.335053034347556178e-02 1.726286682361716784e-01 1.560327339330628837e-01 1.116829602770980923e-01
2.725656252960653170e-01 -1.215318897840482193e-01 -3.579509473368618355e-01 1.662760776160826792e-01 1.290215773747915018e-01 3.087842516939166750e-03 -7.463994004367918711e-02 -1.091045005001084339e-01 -7.795091480425292430e-02 -1.746955233821882447e-01 -1.036557741044470404e-01 -5.561392459274230177e-02 1.487127344737213253e-01 1.256301556247053086e-01 1.872523758837325580e-01
2.725468061404822673e-01 -5.060856483437640302e-02 -3.609841569852286214e-01 1.981333444999526239e-01 1.773774814087838991e-01 5.545190433816427761e-02 -9.793372908920110198e-02 -1.604108235615842870e-01 -1.889956691629091079e-02 -1.017294650559834174e-01 -1.649334331955392974e-01 -2.574426301757722080e-02 1.506031031488892780e-01 1.206130955921160264e-01 1.919546837997163913e-01
2.890965898732381079e-01 -9.716586618744060821e-02 -3.118027093820519013e-01 1.904621151734933460e-01 1.664567419745103249e-01 -4.862481833231107470e-03 -6.530276137612055221e-02 -1.413001485032643889e-01 -6.950264287018535769e-02 -1.058056104218453169e-01 -1.158850672912316165e-01 -1.994838955532462002e-02 1.594804006341512537e-01 1.410255652825223860e-01 1.205501084578821658e-01
2.409908299211181992e-01 -1.150397934812050216e-01 -3.210312830763478176e-01 1.842061632203305099e-01 1.848786266781752841e-01 2.433128088318966750e-02 -4.853726057326279014e-02 -1.754542288622659429e-01 -5.555829860995792346e-02 -1.330898493005586436e-01 -1.822775198744685798e-01 -4.421405679278631040e-02 1.555277366567832942e-01 1.365846825537141151e-01 1.844316227018031884e-01
3.110760012860278034e-01 -2.981767975279667540e-02 -3.168684242033715792e-01 1.574018138610533413e-01 9.769482018351036134e-02 5.052574873545883499e-02 -4.809519242424908914e-02 -1.294033078828474292e-01 -3.618449742964055527e-02 -1.524232403155788007e-01 -1.388984849908311558e-01 1.291791700199314621e-02 9.868721217120375588e-02 7.483914932710503121e-02 1.699643823076785465e-01
2.440711932086809255e-01 -5.183175152256294660e-02 -3.338171958965031050e-01 2.146641665576474178e-01 1.731296431021670523e-01 -4.031012551324458792e-02 -8.800789978931572444e-02 -1.586680911649965275e-01 2.209448364657712327e-02 -1.323970155383261404e-01 -1.721128073834827243e-01 -1.150179010785747601e-02 1.375386095005406428e-01 4.310422902902959902e-02 2.292861748917614795e-01
3.093515010632136297e-01 -2.426755152105893737e-02 -3.464027772806793637e-01 1.611682047051292421e-01 8.512726506045367736e-02 -3.855449624266710229e-02 -5.518420305182457353e-02 -1.180953893903255864e-01 -3.546523045665181395e-02 -1.473783836593355601e-01 -1.778633248393120259e-01 4.161203034402853607e-02 1.142768245032543400e-01 1.131527180161959745e-01 1.976607402099353483e-01
2.394023713139250831e-01 -1.102676194460311676e-01 -3.101862644430526395e-01 1.835807085980785403e-01 7.867864510193595118e-02 -2.856290818716480939e-02 -1.769136563618112570e-02 -1.783696475507565438e-01 8.379683643044238267e-03 -1.602501189830576878e-01 -1.812157285865879097e-01 1.616015065674969789e-02 7.962776089079663666e-02 6.962349893867424144e-02 1.654767688300579909e-01
2.698062839712967453e-01 -8.742345103591842026e-02 -3.643479585111092933e-01 1.914012194059212524e-01 8.783542650681784580e-02 -3.605472021162013652e-02 -9.347026166441703421e-02 -1.080805999429096526e-01 -3.597985280167200622e-02 -1.994582444956756739e-01 -2.033038081287639187e-01 9.848712334003558236e-03 5.748791620716497269e-02 3.460620465675483259e-02 2.524828483464512940e-01
2.966747950045607318e-01 -7.111381911297585956e-02 -3.770225625060087959e-01 1.391132336531798186e-01 1.643675017889064394e-01 1.574691054961378095e-02 -8.714584522182085291e-02 -1.121211598095015749e-01 5.337437464071786292e-02 -2.106473311431409090e-01 -2.008427896881346819e-01 -3.439506057411626655e-02 4.266602362297575168e-02 1.599306782675186805e-02 2.117321226286634772e-01
2.886278524356603592e-01 -5.299948774784475625e-02 -3.562318230270882236e-01 1.128651683103589765e-01 9.177879020152590606e-02 1.292090241020754648e-03 -1.340630964933111485e-03 -1.372224102979248683e-01 3.660627384559780872e-02 -2.046691672161328468e-01 -2.091052722839172040e-01 3.363199183666853997e-02 5.164174713482171108e-02 8.950672419539695834e-02 2.463583201949156587e-01
2.298459461967517492e-01 -7.124822401962048468e-02 -3.671797410850684562e-01 1.327587565526771041e-01 1.314411880047276215e-01 -3.724729145921645834e-02 -6.616926702989001097e-02 -1.063284271157045741e-01 1.113971710298793799e-02 -1.816802500708171175e-01 -1.523557702170541817e-01 3.702365046179485059e-02 9.349675193370281245e-02 5.787600396739756015e-03 2.252985514334259753e-01
2.152791697470308740e-01 -1.063891992074840198e-01 -3.130485119470067801e-01 1.016167472279292106e-01 8.103000956193402715e-02 -6.242859703777298153e-02 2.464254308222105921e-02 -1.507523241583855478e-01 5.963977477292335683e-02 -1.543882464848283786e-01 -1.803411313421626472e-01 -1.740913867957668421e-02 2.560192066102658093e-02 1.736171489251945449e-02 2.543374734218583066e-01
2.047257259386298101e-01 -2.741919064805790895e-02 -2.571533776785666636e-01 2.274483662885233848e-01 1.780238763551752340e-02 -7.595634724028664519e-02 -4.950848588038423564e-02 -2.002141278585460871e-01 4.052142017955739917e-02 -1.261437207206456135e-01 -2.288158716658462433e-01 2.527522177866325589e-02 -2.364342324055262665e-02 1.004665763609163681e-01 1.546165169867050326e-01
1.800703422804350584e-01 -2.908312822728879865e-02 -2.544741786364852487e-01 2.328304986935629539e-01 -1.174771872231541309e-02 -6.745403573274592890e-02 -7.929208721900815604e-02 -2.005620879946290180e-01 6.854108021680570262e-02 -1.508319714421791358e-01 -2.847437915781402817e-01 2.381765253718928430e-02 -3.254148927390169976e-02 7.100537379883012368e-02 1.858212571386649303e-01
2.006698132991541761e-01 -6.443678160040454406e-04 -2.701840453244169771e-01 1.777415816887842615e-01 2.462131406252173957e-02 -1.273517275166159424e-01 -3.280082130836482757e-02 -1.963751496474897273e-01 8.690107729802959424e-02 -1.495658272949887124e-01 -2.430549414465777158e-01 3.385828920726834113e-02 2.997174551688453620e-02 4.684473160641507150e-02 2.587051336429117554e-01
1.166236446328400567e-01 4.401936138983630897e-02 -3.086657839922481439e-01 1.971812781345703425e-01 3.044306240406376846e-02 -1.358610303632659111e-01 -2.798416353895638933e-02 -1.245200691422806150e-01 1.215312471946222717e-01 -1.051723517554017107e-01 -2.436302389080488018e-01 5.271882975731166654e-02 -2.311710147412933403e-02 7.379919143115032387e-02 2.801134652172291850e-01
1.473646855863089966e-01 2.502555687559600978e-02 -3.249754799548365547e-01 2.404350770669729798e-01 2.544302354437090463e-02 -1.514796548290122113e-01 -1.400245759471795831e-02 -1.479062339006679272e-01 9.746772077722473671e-02 -1.295023445170488396e-01 -2.235075464960934455e-01 1.026442272730331423e-01 -4.301285345587468889e-02 9.519651836921252941e-02 2.419616326196419032e-01
1.444610161629469869e-01 -3.428330484440630238e-03 -2.939302118123270913e-01 2.008346220646768376e-01 -2.826989348697555790e-02 -7.033009771414937272e-02 -1.575655014530193826e-02 -1.826734607070678307e-01 1.244478723167537354e-01 -1.240436795292292338e-01 -2.091114468813346505e-01 7.419363053697698718e-02 -1.807842154538450569e-02 2.379834494312300583e-02 2.915638114407322345e-01
1.555714597956152079e-01 6.073750754328630097e-03 -2.712120485620149735e-01 2.111609397061177396e-01 -4.210855010246973562e-02 -7.626863806387695899e-02 1.208892947521911926e-02 -1.697995669355584769e-01 1.463723017749760102e-01 -1.241001237603042290e-01 -2.778439001941991338e-01 8.086799732975037680e-02 -4.023550056013502907e-02 1.634916059349366194e-02 2.451001586612660266e-01
1.418470554639965908e-01 3.097488792142689962e-02 -2.792493212170637507e-01 1.954032366497535367e-01 -1.765806992478748116e-02 -1.257178278659277504e-01 -3.369933248806418480e-02 -1.849083879203005376e-01 1.056463256663313643e-01 -7.960885284246220495e-02 -2.593133526545262080e-01 3.453299862580773427e-02 1.647253261139722952e-02 3.760970973423341523e-02 2.463324928908188771e-01
1.796859092503232391e-01 3.646874726778327747e-02 -3.013495520078884327e-01 1.536646237109665636e-01 -4.172760933511802939e-02 -1.083117112674923110e-01 -2.057062538141780916e-02 -1.428030440683056013e-01 1.305604771227769356e-01 -1.554717769500523761e-01 -2.331478920718386694e-01 6.260701896299247782e-02 -5.297732253960167614e-02 -5.298906990120458640e-03 2.772207775927250095e-01
1.749265839947290180e-01 2.038762015255227503e-02 -3.107347592440862227e-01 1.718946967394459346e-01 2.362132023434440620e-02 -1.116995383957218313e-01 3.400732659271647057e-02 -1.271781903845860817e-01 1.128933925783710823e-01 -1.214440560514457867e-01 -2.287227742382929030e-01 1.036178157589034560e-01 -2.719361708482976453e-02 1.437140616158419544e-02 3.340352148331419690e-01
1.344583482438917177e-01 7.024013991976224211e-03 -2.670490334084595352e-01 1.492395154348001851e-01 1.660516825105196048e-02 -1.158599125144608721e-01 1.822510412386247822e-03 -1.758666989712709405e-01 1.604713882591468910e-01 -1.599037377298296869e-01 -3.139614274678826367e-01 5.730927189314762027e-02 -7.967544596649805966e-02 3.090935999863455436e-02 3.332604604959250594e-01
1.507956908457725176e-01 -4.205518835520798485e-03 -3.261325921178279130e-01 1.918157567680522924e-01 4.351567174091110213e-03 -8.812072852288131697e-02 -3.127788599985990153e-02 -1.855079854983228971e-01 1.572901682688521152e-01 -1.051028184771370944e-01 -2.806427050053927896e-01 1.060060389480078774e-01 -4.113149605786324547e-02 1.309273115635419329e-03 3.324109519191448814e-01
1.085732833033063310e-01 5.039811998869016957e-03 -3.294582868943329301e-01 1.802306276270870811e-01 -1.365621805597656141e-02 -1.671986514071141516e-01 -4.191860711188717670e-02 -1.831392861958480722e-01 1.057404187415668800e-01 -1.058122216274113431e-01 -2.312275515519220115e-01 1.347270014164120844e-01 -8.790340561152237830e-02 3.281524759801977831e-02 2.655886375857948178e-01
1.957436845455657326e-01 6.973353101595439370e-03 -2.897673879183628731e-01 1.100920876024506778e-01 -1.567583399890978488e-02 -1.629001220211174217e-01 -2.930850059552389184e-02 -1.344274544632308721e-01 1.146078222548416736e-01 -1.806290684608385377e-01 -2.837197928713569017e-01 8.645180102913775644e-02 -4.418882523110402583e-02 -2.737379579792721673e-02 3.249207092677026121e-01
1.482723816093926006e-01 -2.004313446703597651e-02 -2.594557924816319749e-01 1.963652976122873817e-01 -3.269837027491296483e-02 -1.392862622821717522e-01 -4.612382220936916966e-02 -1.184744344990484866e-01 1.361854752836220983e-01 -1.843405866447568597e-01 -2.814438120536161825e-01 9.393028824221662243e-02 -6.225789039491737287e-02 3.516537686980591992e-02 2.943284808281489973e-01
1.750547063420819227e-01 9.268096862640677613e-03 -2.665237423944168960e-01 1.237828026594434694e-01 1.860191117441743151e-03 -9.624833657587400504e-02 5.679468520286719106e-03 -1.539670525337576978e-01 1.664164399053907895e-01 -1.183620857888798700e-01 -3.179400529133936670e-01 3.933979159860958447e-02 -9.855066917733391885e-02 -3.182251465791047229e-02 3.179564992192056017e-01
1.684338615822219554e-01 9.757101619031498599e-03 -2.565565635547689682e-01 1.403864589239435801e-01 2.464393471871798719e-02 -1.497118350996174407e-01 -8.180915707676188892e-03 -2.037025712570415814e-01 1.732001618657514064e-01 -1.935186139770723179e-01 -2.588134034313487319e-01 1.062410424945098991e-01 -4.448301036992784174e-02 1.746302548206815977e-02 3.273038824944625169e-01
1.630619236737068656e-01 1.871132506460591958e-03 -2.969820003022455857e-01 1.774011293916920584e-01 2.876227096518060855e-02 -1.010259602597255030e-01 5.171356800713073493e-02 -1.459720721322885217e-01 1.491568870879677045e-01 -1.443383517987753273e-01 -3.021766255620032537e-01 5.139271338213485807e-02 -4.729040018160975134e-02 1.723213591004106593e-02 2.900160513445405042e-01
1.760334536309996756e-01 1.561945090122043509e-02 -2.877189772493963238e-01 2.031184033314618609e-01 4.004203473131472818e-02 -1.660363721489655497e-01 4.561956202346950651e-02 -1.867105497383105550e-01 1.721457805197617319e-01 -1.923604122221199697e-01 -2.840406329054516177e-01 1.216025899572945185e-01 -6.807163987118727659e-03 -4.194382774278472559e-02 3.587061671395778695e-01
2.032687233705032515e-01 -2.601927920522579402e-02 -2.889219342110891375e-01 1.629439180731656889e-01 2.627394461674495418e-02 -1.305489021883987633e-01 -3.196397288299530903e-02 -1.765929868549235282e-01 1.097451871302069643e-01 -2.146154769236585103e-01 -3.109314956601655355e-01 8.090251528688831295e-02 -7.913576704437477738e-02 -4.664278214211781126e-02 3.756141625240939641e-01
2.274663974644676179e-01 1.862490935665461755e-02 -3.672320972797673555e-01 1.404411415483073355e-01 -1.878366672851481539e-02 -1.224307771634386699e-01 -1.326099796098371454e-02 -1.272894993127999530e-01 1.091583289183903627e-01 -1.612429124800594527e-01 -2.801172993116646248e-01 1.152605512929339160e-01 8.016947491121480251e-03 1.583997698727549093e-03 3.147529906761495910e-01
1.475436021534794195e-01 -2.496868246311818515e-02 -3.261484818934073937e-01 1.633341495203590454e-01 5.334615915226969401e-02 -1.594171517198897381e-01 3.981564103283060513e-02 -1.385029059418927400e-01 1.866944697987802937e-01 -1.438857521794977001e-01 -2.635404470865395088e-01 6.827295798603215393e-02 -2.269148456360392530e-02 1.086630981523037213e-02 3.668548461341027411e-01
1.637123731344459487e-01 -2.260524715622291153e-02 -2.958388515284309794e-01 1.340726220154355997e-01 5.415927113109156310e-02 -1.596650555439367847e-01 -1.742452332933816170e-03 -1.214200275772512050e-01 1.225433177708184357e-01 -2.090185638283109104e-01 -2.294558933375283882e-01 3.491131964916568964e-02 -2.292295494099252581e-02 -2.370432392375409342e-02 3.533545367534208226e-01
2.210707778149087477e-01 -1.643566275039823679e-02 -3.840503858240781332e-01 2.103158088027477501e-01 4.116763282013446296e-02 -1.218142120190048167e-01 -1.770834219378400118e-02 -1.475655988325484669e-01 8.847555709626793441e-02 -1.629939793293684325e-01 -2.964930812607151633e-01 7.361994895266216199e-02 2.595720902799706492e-02 -1.207496783263991430e-02 3.931091632486009568e-01
2.657206554753044903e-01 -4.686952043913268640e-02 -3.327681807574588979e-01 1.142069799155479154e-01 5.346223054408862085e-02 -1.680901972499636854e-01 -1.078535033896137543e-02 -1.891666116093887184e-01 1.726624724736297023e-01 -2.299270138941400532e-01 -2.895584931611916435e-01 1.052955955072895494e-01 -2.826847145370938244e-02 -9.243185869119891623e-03 3.042308375373586893e-01
2.312519419449847180e-01 2.697042927777148699e-02 -3.988675090086111763e-01 1.173127402658264984e-01 8.661196336602786094e-02 -1.661081111723123060e-01 3.668339825632774276e-02 -1.908154395559001626e-01 1.431866110896110045e-01 -1.510929634411762035e-01 -2.315370937939126572e-01 1.024412191201305444e-01 -4.089425211766392620e-02 4.045204434898137802e-02 3.865454361495613833e-01
2.921338589899447613e-01 -5.610182382853710903e-02 -3.880938450327470202e-01 2.088362694697776800e-01 6.619918702448393533e-02 -6.390244158371474748e-02 -4.968206075130587873e-02 -2.120582364745918769e-01 8.701121709352757638e-02 -1.848573499045949864e-01 -2.750163303436726769e-01 4.229789802673707827e-02 4.042613964371899460e-02 1.095590603980267988e-02 3.412306951814982336e-01
2.794102857557221320e-01 -2.543317783653232383e-03 -3.522503673270762636e-01 2.020018646756932823e-01 5.047413288766734729e-02 -1.313459946641938048e-01 -3.106196122454540909e-02 -2.290086848448149859e-01 6.446771281857867353e-02 -2.114717978690952849e-01 -2.121840376154809915e-01 3.413802858899328552e-02 2.919365453628807588e-02 3.013141695333872855e-02 3.781107908386560634e-01
3.094981193258214969e-01 -6.474023895417714558e-02 -4.268068753664291393e-01 1.832886001840668966e-01 7.957230875178755714e-02 -1.198489027630242065e-01 -5.659715832221556137e-02 -1.776554689890141592e-01 9.253098297304300501e-02 -2.447721775238610453e-01 -2.907495710782825871e-01 2.271573245772701144e-02 3.185074216671807817e-02 5.930994311979462946e-02 3.565710884547530490e-01
2.730190469000287057e-01 -1.660189590093259088e-02 -4.109804217777380253e-01 1.554876049439406493e-01 9.698559160865989626e-02 -1.098444064587455471e-01 3.238108739442373957e-02 -1.975535172929816785e-01 4.578404343801390636e-02 -2.063697063823061451e-01 -2.866357762854614410e-01 5.310604688972871135e-02 5.487464128735072139e-02 4.131096624726126459e-02 3.406933170248108156e-01
3.020127215825887390e-01 -1.960574217258624977e-02 -4.225288500388759139e-01 1.903933453546362009e-01 8.481327555639213422e-02 -8.880361438195109869e-02 -1.741177771656081397e-02 -2.123012167958213958e-01 5.495252081959144108e-02 -2.587416169907514329e-01 -2.027208919841048673e-01 3.294670390899973045e-02 3.511995717702486725e-02 4.636040152226318656e-02 2.927581263387328825e-01
3.212580884918194157e-01 -7.448014853609499775e-02 -4.248509860319920062e-01 2.363514184620094660e-01 8.376017188045334350e-02 -9.564167786423606599e-02 -5.794327662006862334e-02 -2.362038026495190679e-01 9.358988846720087129e-02 -2.287097415131946476e-01 -2.141320043454929267e-01 8.394167764306301183e-02 2.498646963422718539e-02 1.524801747429425230e-02 3.769739580679786206e-01
3.164633152173996766e-01 -8.020412419593075937e-02 -4.884937008917745738e-01 2.326665005390449459e-01 1.169538970517840781e-01 -9.571901631926396647e-02 -5.104857478548803507e-02 -2.194949144059032409e-01 1.084816351638342169e-01 -1.845468580909896406e-01 -2.525719186152975415e-01 7.301977679186295866e-02 2.622436461713941250e-02 5.575010197770573217e-02 3.335752366350419607e-01
2.261102984073288802e-01 -3.423197338652959887e-02 -4.315386785063061170e-01 2.915313239055058459e-01 1.069873730276621193e-01 -6.187591291905845947e-02 -1.410220534809271675e-01 -2.671869386699254889e-01 5.000679371446933863e-02 -1.255410268374145821e-01 -3.066320048548005217e-01 7.157370001359113221e-02 8.441243441742268816e-02 1.140601739941206616e-01 3.156817389461817336e-01
2.324677299776224115e-01 -1.100913530900929360e-02 -4.559800563651404404e-01 3.380120951014243258e-01 8.875167365631236871e-02 -6.882913805801330054e-02 -1.206434977270256226e-01 -2.328850451792454368e-01 1.112058661624431843e-01 -1.711967800455513333e-01 -2.670288454502032227e-01 6.674676626588328665e-02 8.409855324906942431e-02 7.157444554672900972e-02 3.001889986267067822e-01
2.528963696045119502e-01 -3.930945992438679426e-02 -3.931012472517237399e-01 2.704865711770772507e-01 4.144555305930476552e-02 -5.864667850648704744e-02 -1.502590606076058821e-01 -2.427916372570971815e-01 4.769371456510743124e-02 -2.128461342135312129e-01 -3.365788048243422703e-01 5.847766586428412156e-02 2.021723797411543316e-02 1.512625400383153240e-01 2.328954731850745030e-01
3.195137087908243578e-01 6.155439797359336940e-03 -4.753708638541188636e-01 3.505141931047321413e-01 1.061519282351611471e-01 -3.428208091363905974e-02 -1.002785530708609762e-01 -2.751931409022903008e-01 3.598562581379394221e-02 -2.165179755785674731e-01 -2.997567052421722944e-01 3.609349240195706965e-02 9.560790924270409774e-02 1.014987437569512818e-01 2.602246969831670254e-01
3.355366342071684493e-01 -3.319651555050541492e-02 -4.203747033790434240e-01 3.568473099938949122e-01 6.284410044193732003e-02 -2.519491094476409426e-02 -1.537419379178678880e-01 -2.293317915395759465e-01 8.947600551048338902e-02 -1.969377233819374629e-01 -3.066656778347787715e-01 3.471040842714526869e-02 4.495043276106384933e-02 1.303638670711058101e-01 2.794304257302427930e-01
2.691565702497243917e-01 -5.293894036082750360e-02 -4.464043897335344679e-01 3.643831404337995461e-01 6.705217422755384293e-02 -7.624699843544047173e-02 -1.247664725610217462e-01 -2.699707963239529329e-01 6.119690774074933171e-02 -1.774543688909239192e-01 -3.178244537351798127e-01 2.739560616317344988e-02 5.296226869959845540e-02 1.306354663131294169e-01 2.429646356824520237e-01
3.211568634721108095e-01 -2.291163324933972664e-02 -4.137289128683175887e-01 3.033524929366644973e-01 1.162179782777355008e-01 -1.196131289580206619e-02 -1.011314333416554884e-01 -2.733892362988578628e-01 4.743529749015334279e-02 -1.507305395698667339e-01 -2.893374348059464252e-01 -2.752498023727171193e-03 8.094515948235904423e-02 1.834750925186877935e-01 2.209593633949537839e-01
3.295648474865738309e-01 -4.311408055422891183e-02 -4.622059291954024318e-01 3.672358763997278785e-01 8.516340252278109535e-02 -2.439866228162771399e-03 -1.696052084088276179e-01 -2.367265204491668940e-01 4.002333218037933127e-02 -2.131539290060888159e-01 -2.951252425402102753e-01 -2.689752002871038938e-02 8.189711353297410290e-02 1.375797175078795065e-01 2.383477448235108154e-01
3.654261450252629384e-01 -4.794293187218587327e-02 -4.643425355339703131e-01 3.691441014749495264e-01 1.233958004213799586e-01 -4.728897099012244198e-02 -1.577216903930274416e-01 -2.322190361438692396e-01 5.491698869027223165e-03 -2.008512352837828197e-01 -2.737355607011562886e-01 -4.201251058375133317e-03 1.241652027782867290e-01 1.972294061525432796e-01 2.254131216092891410e-01
3.642916895896980423e-01 -1.064626653322695987e-01 -5.083679131070385493e-01 2.989504837163932671e-01 1.449139903852569577e-01 -7.856850729682483825e-02 -9.133029558247313107e-02 -2.545350457749790962e-01 3.665460177101452499e-02 -2.514873065621804349e-01 -2.810627851942603117e-01 8.162580062241606843e-03 1.092366139418378679e-01 1.795987651975177735e-01 2.618367714967893556e-01
3.547714168004110213e-01 -5.287384919977230341e-02 -4.532321630968748627e-01 3.412392683202412069e-01 1.554251115688352336e-01 2.039026157517653641e-03 -1.024777169889777018e-01 -2.483172372144314688e-01 9.305063764681873947e-03 -2.224137162063594131e-01 -3.166484093663283206e-01 -1.866912178445679759e-03 8.922138379745352121e-02 1.757610176406652902e-01 2.428761962941595742e-01
3.463941897261083591e-01 -1.026598538995646404e-01 -5.475089600922521393e-01 3.336648784576347615e-01 1.877059846302547297e-01 -2.436011927939664423e-02 -9.319803214204974706e-02 -2.280750972846103397e-01 1.874532165748268864e-02 -1.852363343800892959e-01 -3.291118795147374709e-01 4.457431370700552092e-02 1.459708758375727888e-01 2.067456284417301671e-01 2.854074944105828848e-01
4.060132933648559206e-01 -5.292510176719854992e-02 -5.018032532345011454e-01 3.665635867789321378e-01 1.624407803537269435e-01 -4.691840653876870604e-02 -1.395019766661035332e-01 -2.443031082156979783e-01 4.552612630235302466e-02 -1.786401823484398133e-01 -3.218606894731587120e-01 2.670291209203244989e-02 1.132937779641192966e-01 1.642477103698445628e-01 3.038332264241075387e-01
4.273567027638845994e-01 -7.483997864620442475e-02 -5.387018423117194699e-01 3.752217896381191964e-01 1.901599187162105742e-01 2.957004493866423681e-02 -1.004595356138032886e-01 -2.913140776998018322e-01 4.078866738584927681e-02 -1.825439012241782677e-01 -3.131285733856323805e-01 -3.695807221027963899e-03 1.398732809743385430e-01 1.907375632889826977e-01 2.899952156730002395e-01
3.671343880630367762e-01 -1.119987702083519721e-01 -5.248297956965127797e-01 3.340425293987299704e-01 1.685811460625110114e-01 -1.915507348326938447e-02 -1.277009033111219383e-01 -2.333160759271822593e-01 9.291702737600476131e-03 -2.202951811774447322e-01 -2.640257196230529901e-01 2.880451810826580375e-02 1.439513087539903702e-01 1.245701255362522686e-01 2.714799467313990244e-01
4.142494508659465557e-01 -1.348569195676581345e-01 -5.536589318813064375e-01 2.932059625219942678e-01 1.879573093581285437e-01 -8.982276793243473487e-03 -1.492701488509743935e-01 -2.528646527724167647e-01 2.545789407622960077e-02 -2.629982088046054489e-01 -3.199701508762548552e-01 4.886350872981318899e-02 1.991892096544355950e-01 2.064638331675099359e-01 2.772136489282588379e-01
4.226028030964126270e-01 -1.068773359182201149e-01 -5.143193625520974255e-01 3.513469274680493526e-01 2.359505438846505876e-01 2.472891226837844580e-03 -1.369297680923683425e-01 -2.268377566700038594e-01 1.571718213316269236e-02 -2.798230534467138764e-01 -3.217324170088551316e-01 -6.494079821575366590e-03 1.218434583411360794e-01 1.474141694612160491e-01 3.299896715927536639e-01
4.529843464609724646e-01 -7.348472386227794528e-02 -5.125813951171236393e-01 3.120503899526648750e-01 1.437079749692712627e-01 -2.968370270627118321e-02 -1.779530936055368773e-01 -3.086744806798382701e-01 -5.129152593994181636e-03 -2.109544895700199985e-01 -3.191459675563810827e-01 -1.819561734077411799e-02 1.756982900047449614e-01 1.736258582396737471e-01 3.155473415576831031e-01
3.916595745492678637e-01 -1.340454965612285498e-01 -5.178953316558169151e-01 3.359195069919208021e-01 1.676636422814768990e-01 -4.953297038285002507e-02 -1.431648209813122796e-01 -2.300961427793759007e-01 -2.960033790095096401e-02 -2.251586966353483488e-01 -2.688209505801877341e-01 -9.653050878672356921e-03 1.884635074725811987e-01 1.278823568575990222e-01 2.822016570696271875e-01
3.974446836049509990e-01 -4.705170151409020923e-02 -5.757355620002604368e-01 3.617877208438066150e-01 1.808401614565585125e-01 -9.673496764900741882e-03 -1.066125871555099885e-01 -2.581125821685069099e-01 -1.046792273930341466e-02 -2.496926109374893454e-01 -2.891377042442219159e-01 -3.204533440155970386e-02 1.728214796814868115e-01 1.625639503290406962e-01 3.014437622770315128e-01
3.910161293667525628e-01 -1.025812861752900262e-01 -5.670662196943299094e-01 3.560760447265239881e-01 2.101351838189259025e-01 -5.990335335222675417e-02 -1.552475204865935432e-01 -2.724022674718915016e-01 -1.912190329057829319e-02 -2.235766464482959459e-01 -3.074141121108094343e-01 -4.176845954000203004e-02 2.090852463101244008e-01 1.805419462933329500e-01 3.508176002104782532e-01
4.025615557448096737e-01 -7.633024934551742302e-02 -5.770055557949859137e-01 3.548985488745831640e-01 1.777981535500122168e-01 -1.320876707469813977e-02 -9.840773565084588725e-02 -2.909482178066274405e-01 -3.787518299685602857e-02 -2.111583202145873028e-01 -2.419072008794733442e-01 7.303531934417198390e-03 1.971325183208246234e-01 1.137010275015506722e-01 3.521282168679913949e-01
4.391621694203928783e-01 -1.243222255805483678e-01 -5.638066867312806485e-01 3.216397561239768277e-01 1.970889959144548342e-01 1.739149214156856735e-02 -1.374959874010679706e-01 -2.275095871987048990e-01 -5.727429939317401665e-03 -2.365331172559045070e-01 -2.649873252798444212e-01 2.087386846852266539e-02 1.112600454267368838e-01 1.024702540674716500e-01 3.592265250147662070e-01
4.205064859570116220e-01 -8.793483425731757341e-02 -6.008978880080545482e-01 3.561890479785507213e-01 1.703577356611963023e-01 -4.222912477175887191e-02 -1.032896744783118326e-01 -2.525659583357283688e-01 1.041009088200871464e-02 -2.981405536896736264e-01 -3.073150366979016113e-01 -3.316839873114661545e-03 1.830176699321277578e-01 1.696098040210442803e-01 3.706231291026938490e-01
4.768416191249307823e-01 -7.210621325397252590e-02 -5.265163587904402309e-01 2.974652994487044233e-01 1.990915514054393265e-01 -2.751156655814016375e-02 -9.913159358882386862e-02 -3.004627180553280374e-01 -1.232921292195451012e-02 -2.651807903520751464e-01 -3.153346781999561421e-01 1.907320910374154382e-02 1.788372568304049393e-01 1.531206729403206679e-01 3.146736835700538193e-01
4.454737635122605899e-01 -1.120758818791475764e-01 -5.286233223366960665e-01 3.271337871723342117e-01 1.902587266060405402e-01 -4.128517067221393333e-02 -9.369435093286868077e-02 -2.355262295131642369e-01 6.143509608599485167e-04 -3.067767327153202439e-01 -3.214838144200430348e-01 2.291488585729425237e-02 1.599262715185970629e-01 1.175013519717815202e-01 3.279464732403519212e-01
4.291730037450616764e-01 -1.102566244170849891e-01 -5.811211960518881670e-01 2.793078689614229004e-01 1.950817549607166690e-01 -8.343724059492821366e-02 -1.416711181533531760e-01 -2.583630186021680930e-01 4.124241484966705007e-02 -2.393823876621336832e-01 -2.865910198684292198e-01 9.964212505704644895e-03 1.285605916752377564e-01 1.447221570667269197e-01 3.555601702198438741e-01
3.766479367812378687e-01 -1.348537670394435728e-01 -5.474587390877934112e-01 3.453086263619628005e-01 1.694652148826276683e-01 -4.437725469625930508e-02 -4.185096270817360853e-02 -2.623147257817181610e-01 8.473508894323248525e-03 -2.747581557255409646e-01 -3.402416750167831516e-01 4.537730738671408998e-04 9.718005762243013546e-02 8.077739198732014625e-02 3.272991020908123661e-01
4.688323624436424031e-01 -5.184465438833525675e-02 -5.875915650180331129e-01 3.306016518434308216e-01 1.821179408819760814e-01 -1.042510886850882279e-02 -4.352430858941552794e-02 -2.571876373170237096e-01 3.510185241393476430e-02 -2.224474258775928914e-01 -3.444577817923561436e-01 4.337015574701515858e-02 1.462611007930435802e-01 1.026777202012447016e-01 3.493163957866838309e-01
4.095954314446871858e-01 -7.135001993307985013e-02 -5.744319355839523356e-01 2.780509800006145116e-01 2.023784093555754948e-01 -2.177966810663669109e-02 -9.742706931296579720e-02 -2.622094872400244636e-01 1.314339632022077341e-02 -2.661677773214939924e-01 -2.979621435906670279e-01 2.509393667679966911e-02 1.466778354200851675e-01 5.893161064135817029e-02 3.430008294607855279e-01
3.939351152910598453e-01 -9.159374008165425962e-02 -5.519325611324081837e-01 2.965127076957981833e-01 1.229781580873507002e-01 -5.979047397652661328e-02 -3.697931877700121051e-02 -2.852340517736374759e-01 9.925366610653323096e-02 -3.072864271863720576e-01 -2.989316443383208122e-01 4.604431814571068732e-02 1.401190674481664067e-01 1.067523838430843863e-01 3.620627055188206933e-01
3.895680724319587895e-01 -1.061986376079397387e-01 -6.018400474059525385e-01 3.051570873557420960e-01 1.039092286148557975e-01 -9.003488438090254120e-02 -9.115593133775551360e-02 -2.597174530212811305e-01 8.806771509594699121e-02 -2.578615450545372889e-01 -2.946134328126936430e-01 6.720075164245439825e-02 1.386835386603182674e-01 4.918782365123450934e-02 3.931851429108354501e-01
4.508245749215559761e-01 -1.281722238853253704e-01 -6.118645208495196997e-01 2.286929991775049076e-01 1.456108723280768735e-01 -1.022903591707438609e-01 -1.339031453311143732e-02 -3.030166591109046403e-01 7.874462667678830408e-02 -2.332613945123709898e-01 -3.505249539360939526e-01 1.531190808460831249e-02 1.087752441017119792e-01 8.191941374321715097e-02 3.759117441840880147e-01
2.766154160975765053e-01 -3.457179373128906053e-02 -4.917809969326497055e-01 4.056845323336946696e-01 9.444969995008728469e-02 -1.475178235025013107e-01 -7.720626550632819773e-02 -2.768419174615179279e-01 7.113723222915320499e-02 -2.197012365145762924e-01 -4.376957678285152142e-01 7.720692978552458341e-02 8.099109956437942903e-03 1.240097099475750420e-01 3.906382532915232408e-01
3.466746658964595662e-01 2.108268331706939641e-02 -4.575060173779419426e-01 3.092114675061699569e-01 7.197295534369659020e-02 -1.074958136723546259e-01 -8.611264817020189422e-02 -2.594023712681161609e-01 9.441725586641501466e-02 -2.422040028543621104e-01 -3.463992249628746189e-01 1.018589368646843768e-01 5.381250144257695989e-02 1.246833250056310904e-01 3.515197651731276629e-01
3.017383895800042626e-01 2.370830931172574624e-02 -5.000310282072039092e-01 3.124677905061662431e-01 2.215555436113486251e-02 -1.518295325094708159e-01 -6.916984317610258559e-02 -2.647927959510892326e-01 8.118927004821741011e-02 -1.859885211619205503e-01 -4.093501302452203783e-01 7.763759512061847723e-02 7.270157016308634312e-02 7.903424760296715035e-02 3.386295320178449586e-01
3.534163211800451232e-01 2.359925361008617661e-02 -5.253440010805018323e-01 3.672801521175406148e-01 3.352395191573624700e-02 -1.588128896348567631e-01 -1.315354853740036412e-01 -2.211854361134781566e-01 9.861722934052408185e-02 -1.987161376161100113e-01 -3.915894231510973489e-01 4.550573065050313865e-02 7.630289152401171712e-03 1.572825915182521350e-01 4.189429185573155801e-01
2.836663102875285891e-01 2.454979011967265215e-02 -5.447416949062674485e-01 3.092906090706901145e-01 1.358928473463734063e-02 -1.010386807134983911e-01 -1.143593823026359535e-01 -2.187981683444403525e-01 1.065956992297052985e-01 -2.319088467309192159e-01 -3.693860669341768599e-01 9.071300271764631828e-02 -2.025079639663822373e-02 1.033486292718020505e-01 4.292060278549613694e-01
3.295500056133593980e-01 -9.818230282996574798e-03 -4.666460653713020434e-01 3.337446537709900518e-01 8.888925478723093410e-02 -1.333270506252328680e-01 -7.510419868325213244e-02 -2.526013571566369520e-01 1.974514379105687389e-01 -2.416331471730889802e-01 -3.922006864747896726e-01 4.649071133247743154e-02 -1.856760380421081796e-02 1.352264884028213099e-01 3.745239616705068331e-01
3.392629798999535762e-01 5.806077816819068399e-02 -4.983193452988929906e-01 3.410036613820239815e-01 2.199585643496509632e-02 -1.309476079350641031e-01 -8.009242908463526378e-02 -2.676168713749900174e-01 1.455011996051581713e-01 -2.377331175877465952e-01 -3.860927977626819052e-01 1.224835268590988846e-01 -4.638752931893409120e-02 6.226041781514264628e-02 4.152690758695639639e-01
3.077865819363894695e-01 3.034775694064284490e-02 -4.724313347532239638e-01 3.418863600348813758e-01 2.963991398064697719e-02 -1.792187262730210728e-01 -8.368646190998364764e-02 -2.288955783847967107e-01 1.916320517224227304e-01 -2.367268874385143052e-01 -3.870973929707345329e-01 1.118417260038910011e-01 -3.340400929240834593e-02 3.282977538914749749e-02 3.810685129726933407e-01
2.915207422476712718e-01 -3.109344847658918748e-03 -4.543860279437978433e-01 3.303970733705905993e-01 2.506922474211140117e-02 -1.228141839002663827e-01 -5.789923733758547270e-02 -2.880767106158458324e-01 2.094499858573997952e-01 -2.002686810123758265e-01 -4.443234048348533305e-01 1.269203214474747821e-01 3.280580494473872566e-02 6.831005264996317661e-02 4.050538530005469706e-01
2.916451351613105203e-01 3.889860506224317171e-02 -5.119831460076129659e-01 3.085773994150536881e-01 7.298815957058292503e-02 -1.449961259361218224e-01 -8.038448641512439818e-02 -3.108335556634284069e-01 1.549364367372640938e-01 -2.007625094820718603e-01 -4.400773109200089017e-01 7.307405295609245566e-02 -2.906691865687715398e-03 9.070191965880751439e-02 4.634063376403441126e-01
2.493307292583490653e-01 3.804740890850055735e-02 -4.752520307101563146e-01 2.540477740781547644e-01 6.298943917112549695e-02 -2.073436290439346352e-01 -8.237381674186557146e-02 -2.529299347531518971e-01 2.282713439348892093e-01 -2.385982541568671678e-01 -3.913322102985996587e-01 1.166253685971615633e-01 -9.852113204857609191e-03 8.332799490672965215e-02 4.884005538466795748e-01
2.740339669068050932e-01 3.611928150302790713e-02 -5.127529245929522972e-01 2.735302227853214641e-01 2.726823930589660980e-02 -1.737557056476463357e-01 -8.317246968187524958e-02 -2.192011460871338968e-01 1.940939411069444176e-01 -2.859473458945969715e-01 -3.796956843954159000e-01 1.315181062317387073e-01 -2.360129461596194300e-02 9.282170864351285688e-02 4.843690741483587248e-01
2.561849821180867681e-01 2.934777577199788184e-02 -5.261720362124543415e-01 2.568546865234856424e-01 7.282677805130040316e-02 -1.618544595235993366e-01 -3.772729536967439970e-03 -2.634374304763750785e-01 1.526998325490621644e-01 -2.516105893433945861e-01 -4.197104488893931840e-01 6.206148977234823144e-02 -2.757574423382087858e-02 6.850901204214408791e-03 4.755286925739011794e-01
3.368057327060877681e-01 8.565277874397718774e-03 -5.501497088439205596e-01 2.527911280877903621e-01 -1.587049849439794644e-02 -1.795208812769840123e-01 -1.915166579137153949e-02 -2.889206083951589288e-01 1.664292537593891064e-01 -2.498347822645654859e-01 -3.793283811646064874e-01 1.262821963738807729e-01 -5.173288003355202419e-02 2.809200030585030580e-02 4.506157014708889186e-01
3.273478189018068640e-01 4.936139439483313435e-02 -4.790031797235831390e-01 3.193059933696613673e-01 -2.156075652285747990e-02 -1.443823103959077370e-01 -2.617910293394168364e-02 -2.883573303981969427e-01 1.942086502804223347e-01 -2.747704388792169272e-01 -3.991115491075901689e-01 1.069784256768675085e-01 -2.568612167771490776e-02 3.918360621115283410e-02 4.815497171137849142e-01
3.131698237766795678e-01 3.027642675407688985e-02 -5.527579563802875739e-01 2.727225313587545719e-01 1.206977632855687002e-02 -2.100552643249370133e-01 -9.202577665629190634e-03 -2.182678226073755945e-01 2.462280815952564150e-01 -2.231865028266011297e-01 -4.523046583613637983e-01 1.338437342208147196e-01 -4.294681558986265801e-02 7.972263451663565148e-02 5.247320585506725088e-01
2.998573766315681399e-01 -2.865121413126337641e-02 -5.433719649949463326e-01 2.923144610218428308e-01 2.651365569661669891e-02 -1.474677055797234404e-01 -1.158715351031373679e-02 -2.927519034839535794e-01 2.447005786096231872e-01 -2.079775609348663012e-01 -4.370792766702638610e-01 1.363348089107145888e-01 -4.665531904805327729e-02 4.427170482322387995e-02 5.251215018305478432e-01
3.440382506832869169e-01 -4.426333240139011110e-02 -5.346117467077040608e-01 2.914958916066514583e-01 -3.173031599470855970e-03 -2.250305886526500210e-01 -6.246276026025224248e-02 -2.285695111496788556e-01 2.186791647190931276e-01 -2.659013057274867142e-01 -4.155342996504217679e-01 1.093483661464391132e-01 -6.012496985258762583e-02 1.489921532772442870e-03 5.272757172108262225e-01
3.484283572292420361e-01 -1.487542643558857104e-02 -5.503343479455476972e-01 3.325492367137422578e-01 8.448034097797674224e-02 -2.357903454644219854e-01 -6.277142836289904826e-02 -2.531389442297153347e-01 2.308274582440313361e-01 -2.282677244497359759e-01 -4.228061920191689138e-01 8.970933645625203678e-02 -5.344148399213644041e-02 3.525819480480894830e-02 4.983204984023483775e-01
2.874878721025633244e-01 8.475613542642541909e-03 -5.812528686529276900e-01 3.291343991474351416e-01 6.682979088860890871e-02 -1.883371271152775583e-01 3.359682728660481899e-04 -2.667430192850286930e-01 1.556762452129464847e-01 -2.446399537134538726e-01 -3.827730772606074972e-01 9.321621676423637315e-02 1.723397427075767235e-02 4.397471811634021122e-02 4.550838221975928022e-01
3.073698080025409896e-01 -4.516389792897379518e-02 -5.008643576311593293e-01 2.963293902247015610e-01 2.647977888839753158e-02 -1.853504040530311869e-01 -3.313026202456871572e-02 -3.037036253243194928e-01 1.632336612858136249e-01 -2.405186788270749498e-01 -3.952868015570730198e-01 1.492135244716389919e-01 -1.968546531794277896e-02 4.532308700189555811e-02 5.155693622492887318e-01
3.280690888413247408e-01 2.309584265768324998e-02 -5.388270332394583528e-01 3.145995185507159397e-01 4.940096578631181234e-02 -1.571400058836588121e-01 -8.037963219227299907e-03 -3.082234884700930100e-01 1.903653182486807760e-01 -2.527017971903936511e-01 -4.626145229060998898e-01 1.237203833802847097e-01 2.734953049035289060e-02 8.340462519354122084e-03 4.870312814284071812e-01
3.709740149474886062e-01 2.683007333531563926e-02 -6.022632847920258437e-01 3.336031488536327916e-01 8.171903973155432432e-02 -2.266140178173605135e-01 -3.514822819987344082e-02 -3.059831237033989182e-01 2.198049699147202884e-01 -2.415410341072008749e-01 -3.943578952292920992e-01 1.253597508587619702e-01 -4.086714225543209428e-02 3.994209321328001661e-02 5.105480353281538486e-01
3.874320634807162933e-01 -3.712736222942070521e-03 -5.836780099146721135e-01 3.204415219015824268e-01 8.344884413321958239e-02 -1.586789388641763054e-01 -2.815541218159393552e-02 -3.103218767359593455e-01 1.980372390660931070e-01 -2.645570778045063798e-01 -3.669086382407981684e-01 1.064874235441441025e-01 -4.309460519397217970e-02 8.354609784373069614e-02 5.460294798763537516e-01
4.071247343235594451e-01 -6.694932477258243309e-02 -5.872886004381424607e-01 2.890904828699170093e-01 9.645363409746965377e-02 -2.027920018671230395e-01 7.842673474591572297e-03 -3.026035023569014770e-01 1.203015678828220358e-01 -2.716408449807808934e-01 -3.959275868661749631e-01 1.198435288921476383e-01 3.705572326956031726e-02 5.179779281960183307e-02 4.886272743540553409e-01
4.008440471189056442e-01 -3.967772705816276224e-02 -5.507735978054757453e-01 2.989641406823834169e-01 9.856861857242658898e-02 -1.580076607770686536e-01 -7.164849121466781989e-02 -2.748563033540191158e-01 1.253076418201126419e-01 -2.492440560237988711e-01 -4.135647808975221329e-01 1.446957433228392986e-01 4.266738741292358528e-02 6.074942709873649982e-02 4.940137005271329484e-01
3.555380810002002345e-01 -7.277001435697232068e-02 -6.257991157033890861e-01 2.912588637040248174e-01 1.225791677912305006e-01 -1.121423324387199882e-01 -1.295147114345449740e-02 -2.605023592119426468e-01 1.476453169121974551e-01 -3.362916343659450580e-01 -3.786198382678393481e-01 5.399803278282457042e-02 7.284671928119278161e-02 1.100482100021644843e-01 5.136679799918970613e-01
3.563881446999044855e-01 -7.099665781052172386e-03 -6.074952633417469716e-01 3.356264117197073071e-01 7.857358737856405539e-02 -1.568864690548740226e-01 -1.123149032283538018e-02 -3.053300765214115309e-01 1.875519342124789823e-01 -2.882662444999403717e-01 -4.216913451578249150e-01 1.214033279270227278e-01 8.208617547249617841e-02 2.551813471828530758e-02 4.937039514005513441e-01
4.156782063942088823e-01 -9.697225073719228927e-02 -6.044013580626050874e-01 2.694101466643037401e-01 1.247829790252995980e-01 -1.023685393713627684e-01 -7.917470087500745601e-03 -2.611571362193030321e-01 1.680801042371914966e-01 -2.614811770096764354e-01 -3.796313731139790426e-01 4.946321351851928894e-02 8.303715572056141747e-02 1.072282412522547190e-01 4.754869601826410275e-01
3.967679436120159497e-01 -7.026931048526055545e-02 -6.790505166437921236e-01 3.011233947952441925e-01 1.305824403122292920e-01 -9.295698658027795602e-02 -7.726264883302949582e-02 -2.893416249393621631e-01 1.809154032193998063e-01 -3.497449833555780763e-01 -4.429458556013260440e-01 1.011507864915439092e-01 1.073704847243254698e-02 1.229865325534054699e-01 4.851078337514819205e-01
4.589571479423394385e-01 -7.618492863894470168e-02 -6.012383657407586179e-01 2.763307619985397867e-01 1.302253430168261172e-01 -9.232745392834035281e-02 -3.988246503960839184e-03 -3.278700446680570812e-01 1.531253167057932407e-01 -3.288966544276103465e-01 -3.889447744185597911e-01 6.510270115032457117e-02 7.448677890801475021e-02 9.112841524702561258e-02 4.739760995049495107e-01
4.439526116948515622e-01 -2.610881274707716609e-02 -6.828571209777546391e-01 2.916415662838183764e-01 1.217996570306397464e-01 -1.167875293782525831e-01 -9.048102580969888398e-02 -2.837799492723323547e-01 9.457514764503062443e-02 -3.433778267440585341e-01 -4.156978168621123237e-01 1.173083961216178361e-01 7.963787208601118273e-02 1.164300679811512418e-01 5.090471827642875091e-01
5.151492750295054712e-01 -6.989696205328337075e-02 -6.964783958104805439e-01 3.411246491154064087e-01 1.551197050927938248e-01 -1.508706132654333842e-01 -2.502874326324806484e-02 -2.678707445064958947e-01 1.137702890103221703e-01 -3.254419976809476700e-01 -3.841386875133870893e-01 7.520010034739829652e-02 6.261775091938148741e-02 1.163052964053244986e-01 4.834044569992611007e-01
3.575588334968159976e-01 -6.165127905251816670e-02 -6.633836201681938549e-01 3.889642188465542993e-01 1.064992276438839480e-01 -1.809965283214736154e-01 -1.145794823938200147e-01 -2.955145511228638444e-01 1.164549791157441921e-01 -3.150191100519252885e-01 -4.307758591465460363e-01 8.675419110982067472e-02 1.896446820505326078e-02 1.388014494310824964e-01 4.149903736020743028e-01
4.524209892118853937e-01 -6.842317001585310199e-02 -6.643419601125480911e-01 3.852803536154490449e-01 8.703366027824874229e-02 -1.480344656611335408e-01 -1.441318212536242538e-01 -2.938627531379632285e-01 1.525943864875413669e-01 -2.976008321131967671e-01 -5.055632958598613724e-01 3.217475992348332869e-02 7.441988685132359949e-02 1.819407644503201193e-01 3.961164301171343771e-01
3.803996592726963111e-01 -2.301827734953198340e-02 -5.972883014315971684e-01 4.238574519812043362e-01 8.060738161648806077e-02 -1.511927604877359443e-01 -1.674998408936094196e-01 -3.400377203885108224e-01 1.219790993916852889e-01 -2.549096468951361771e-01 -4.410028258081994945e-01 2.437704570453443423e-02 1.345908176210492413e-01 1.190431962786553249e-01 4.627512991240417262e-01
4.419164539181226203e-01 -7.798686603474719314e-02 -6.512332943066613256e-01 4.787370542139380847e-01 1.524803389973985457e-01 -7.089654207287833521e-02 -1.291871426101476594e-01 -3.650152995993190541e-01 1.129244189911639135e-01 -2.533958040811707391e-01 -4.613763544076470713e-01 9.194274944357073986e-02 1.184101716057799902e-01 1.766354661714133467e-01 4.455784409037004679e-01
4.755263642358958376e-01 -5.715688050994578717e-02 -6.212662448233056134e-01 4.290701624473122755e-01 1.798485560802956518e-01 -1.158326425781140701e-01 -1.846446675766008627e-01 -3.338064040809053390e-01 9.336768810408885289e-02 -3.209430285470618593e-01 -4.347761788903967695e-01 9.394563037273652439e-02 1.344171239706433985e-01 1.993350170801652665e-01 4.449526383608920499e-01
4.165761653778027318e-01 -1.384345961640729566e-02 -6.391419785421917910e-01 4.442948495251085594e-01 1.796361722243596803e-01 -1.217593564713585069e-01 -1.757447910001516678e-01 -3.928923614514730489e-01 6.876875896692917489e-02 -2.800620956917409532e-01 -4.978389486791177099e-01 6.240860336596072006e-02 8.974285879827910428e-02 1.793544248698183685e-01 4.101037474308865671e-01
4.828920480365999635e-01 -4.327637812609870516e-02 -6.410364591175427007e-01 4.202147157466615268e-01 1.170832606409302618e-01 -1.181566567773057186e-01 -1.898827827516567646e-01 -3.687083130000096132e-01 4.976960432782812083e-02 -3.267382257124513134e-01 -4.924219223773701470e-01 3.414315620782505927e-03 1.536361380796985587e-01 1.675814635625526572e-01 4.337167366184905282e-01
5.274872107212478234e-01 -7.573689166547495355e-02 -6.465244522215924938e-01 4.325275260199599736e-01 1.360806231409308065e-01 -1.118497885094110605e-01 -1.662676361809102277e-01 -4.031445119258666998e-01 9.568574813024316450e-02 -2.881391836748898871e-01 -4.952857096831025929e-01 2.711138030394744450e-02 1.052583534242042540e-01 1.536433216770347054e-01 4.266918107498105517e-01
5.188964461012516294e-01 -6.587614461778065755e-02 -7.011312344543846331e-01 4.560387771529985090e-01 1.885632328929720269e-01 -4.710442286728274558e-02 -1.179850053821203115e-01 -3.218510433189742392e-01 1.142673454333187899e-01 -2.972455497437315186e-01 -4.088476970230743301e-01 4.285653136301676575e-02 1.631176767146587936e-01 2.125436959850481033e-01 4.621556066435508758e-01
4.663175086194643049e-01 -7.423990525720103317e-02 -6.867897534741429499e-01 4.885400851052400517e-01 1.999796669227047463e-01 -8.322068206959021275e-02 -1.594088989305693649e-01 -3.791488416529805172e-01 1.996275557690295119e-02 -2.654597900035252644e-01 -4.374677212344815214e-01 3.226405815984784153e-02 1.372033449028257079e-01 2.291916194392556727e-01 4.349558404016363178e-01
5.437080113562877681e-01 -4.772480580591123567e-02 -7.652223263444969392e-01 4.996606131349332069e-01 2.231751647045436271e-01 -4.959771107034406656e-02 -1.488445088528323468e-01 -3.365372722879992895e-01 6.888957549677716952e-02 -3.451771132718287616e-01 -4.438182197793040795e-01 -3.103851309402287130e-03 1.488086828407814421e-01 2.498729581932401245e-01 4.295247276389957403e-01
4.922099745410572491e-01 -1.118012486444751458e-01 -7.286592928855707418e-01 4.353407646290299304e-01 1.629787705693274691e-01 -7.478712606053966594e-02 -1.601811409309147616e-01 -3.717651096916726461e-01 6.895395743695408031e-02 -3.120427260752741683e-01 -4.543710669795286705e-01 -8.528461339004173025e-03 1.616904721088966157e-01 2.146526846403332967e-01 4.270748257695421990e-01
5.115743245393181704e-01 -1.370611352275529493e-01 -6.876656585900386975e-01 5.051644036032895135e-01 1.896790850187521638e-01 -1.911337861209131544e-02 -1.205672963484471366e-01 -3.396169024024722760e-01 8.463099027650732020e-02 -3.286436195864811949e-01 -4.022346944436218097e-01 6.346030863592112825e-02 1.878864690473285581e-01 2.471260829551323313e-01 4.636625173584640325e-01
5.609696223158101569e-01 -1.143889080906400901e-01 -7.143975459165481379e-01 4.583105186047745638e-01 2.326737813592725801e-01 -5.302435778247548137e-02 -2.133352677958852694e-01 -3.999711968041538279e-01 7.757268637613039947e-03 -3.275635828093017010e-01 -4.815788405781884496e-01 4.581872555005924580e-02 1.671941675932224758e-01 2.442260514870803201e-01 3.946887479917728370e-01
5.956023759720001642e-01 -8.534284409293456386e-02 -7.436450377746339768e-01 4.789308890451247636e-01 2.457502484875267457e-01 -6.572636617020363725e-02 -1.693670651210589517e-01 -4.040391186146102265e-01 3.327322559144131608e-02 -2.867924312987299995e-01 -4.544270164386891020e-01 9.700070290681954074e-03 1.734729715857398213e-01 1.892245839607556435e-01 3.952256424772326859e-01
5.693685656967130138e-01 -1.506137505205712435e-01 -7.795293050009194369e-01 5.217749095349929478e-01 1.902234461963056567e-01 -4.111212005833031480e-02 -1.737366780099161845e-01 -3.569286403503476590e-01 5.383829909184245643e-02 -2.995879342152903413e-01 -4.729819960768197884e-01 4.871523584104809484e-02 1.427359585569346057e-01 2.578478915622476886e-01 4.826770364441984595e-01
5.839379594773236315e-01 -8.653443024290183305e-02 -7.333337106193464905e-01 5.044245685989118266e-01 2.234185932400495622e-01 -1.643851261938261005e-02 -1.482814047008945424e-01 -3.722447999887285031e-01 5.857063860517922049e-02 -3.875345361191919191e-01 -4.470997809684040813e-01 7.551788341760385867e-03 2.028057391886042560e-01 2.356255928199429972e-01 4.542861051952050144e-01
6.124391095416091835e-01 -1.046187680590548313e-01 -8.182518106656271328e-01 4.282551444996307577e-01 2.135846881399891262e-01 -4.797617542446267619e-02 -1.678473611831322598e-01 -4.118525657191002276e-01 5.362621411959524881e-02 -3.572131463289333064e-01 -4.115999703587487901e-01 5.984138415941420153e-02 1.865090090621995544e-01 2.101319298518615764e-01 4.753459409205940678e-01
5.215253147004677015e-01 -1.045558409388701315e-01 -7.500003723913871712e-01 4.453631086080713786e-01 2.211425793657694205e-01 -4.644713540282061071e-02 -1.439770151237775020e-01 -3.303644975029818021e-01 6.647984248183889944e-02 -3.107724258034774145e-01 -4.156586013862252349e-01 2.635342043976506010e-02 1.784384873634493329e-01 1.741342563147145750e-01 4.894914060864407057e-01
5.611261137922244346e-01 -1.289651588800199145e-01 -8.020039484640649752e-01 4.897287698576666681e-01 2.269051033487972935e-01 -5.786856149761564205e-02 -1.335664758831980603e-01 -3.320162796523702942e-01 2.041889390212344065e-03 -3.812139671060872370e-01 -4.664849737263654927e-01 -4.615527859415846992e-03 2.073501820252217354e-01 2.024354611370728640e-01 4.674689946752479952e-01
6.023014539890646502e-01 -8.182420902177212074e-02 -8.300335238477085653e-01 4.210962306858820892e-01 2.616162954216345593e-01 -9.705528498395388226e-02 -1.463972124281383569e-01 -3.511794506164246377e-01 1.473294676274075621e-02 -3.353071254714881655e-01 -4.358615804164710505e-01 6.757932612440482878e-02 1.792882600072282784e-01 2.371954647777960445e-01 4.827876024189019510e-01
5.705320380259838453e-01 -1.470463767929410803e-01 -7.566936607038412532e-01 4.792502230611608294e-01 2.130255195489623443e-01 -5.807277770613506612e-02 -1.615044289743815253e-01 -3.409531726124000461e-01 2.450131091008339243e-04 -3.554425719717280163e-01 -4.771458691606945135e-01 1.540051653215396624e-02 1.445366050792315227e-01 2.237392717200226144e-01 4.830437592753323295e-01
5.611915088372714244e-01 -1.120352674568169810e-01 -7.977789776884298689e-01 4.546356054798576518e-01 2.192432279019646268e-01 -9.881889292100407007e-02 -1.924564997331003335e-01 -4.238918150924559924e-01 1.630773516970277295e-02 -3.769859460860492950e-01 -4.575667799985311812e-01 5.909381108701346197e-02 2.199798726082572708e-01 1.925599016186426982e-01 4.954443936375557689e-01
5.826538790130365575e-01 -6.284408303301762533e-02 -8.064263260176876003e-01 4.620004716493115726e-01 1.870212523276452710e-01 -9.614320239003423807e-02 -1.032671731332820281e-01 -3.671908737712731852e-01 8.900125356188676173e-02 -3.380054864647549784e-01 -4.518652252157929761e-01 4.533212323149052314e-02 1.417957502874295783e-01 1.928863346155819392e-01 4.824416977563454889e-01
5.461605610151237800e-01 -9.575554367710537029e-02 -7.977963458038980216e-01 4.749192148235523159e-01 2.709104786689534028e-01 -1.222610170593003143e-01 -1.036712806872027992e-01 -3.485222286118314639e-01 3.144814438558073827e-02 -3.663262094888125597e-01 -4.612790841935457964e-01 -6.400026591667117709e-03 1.843328505248359450e-01 1.730887857369705352e-01 5.330740831531258772e-01
5.713432752964380246e-01 -1.310328103032691316e-01 -7.709532485951559044e-01 4.000982267101043655e-01 1.899234968540770008e-01 -5.011486217515667002e-02 -1.163019669559829661e-01 -4.216188735561496315e-01 1.096341007554055558e-01 -3.446895441511322877e-01 -4.260825779192811691e-01 4.027436935543188962e-02 1.969585482415690536e-01 1.699128405046882728e-01 5.105750975392746582e-01
6.198344060321850924e-01 -6.640421663126740148e-02 -8.328495397154375146e-01 4.712247454647618961e-01 2.348206345638267079e-01 -1.314270287866309284e-01 -1.090314598579020661e-01 -3.765451156497394147e-01 1.155361377521264693e-01 -3.234265477470209538e-01 -4.554286859884582594e-01 6.729738360701308098e-02 1.464317517970654403e-01 2.094937159094084345e-01 4.943622469717168233e-01
5.477161888106959475e-01 -1.407824838179569382e-01 -7.440003320119701335e-01 4.840792464991054977e-01 2.674275590551852266e-01 -9.644099843988118703e-02 -1.479588628204710210e-01 -3.517570587609446520e-01 7.797163261743161877e-02 -4.110093029647544638e-01 -4.512460849730244861e-01 7.376059066783356710e-02 2.060298734489945105e-01 2.014977113198561931e-01 4.944113702147945877e-01
5.687624263334120078e-01 -1.234779988919829513e-01 -8.006026201700072731e-01 4.390296995023211801e-01 2.282548006687098452e-01 -7.820154332853634926e-02 -9.400066741068549558e-02 -3.650741360629669585e-01 7.160142199856538159e-02 -3.317869422311960914e-01 -4.859781510060570686e-01 9.243918044255589050e-02 1.404736242183775019e-01 2.075010755824282793e-01 4.907302562441576699e-01
5.299423938351492946e-01 -8.113180587816384848e-02 -8.155251382448243103e-01 4.255222940448602498e-01 2.208249726501648469e-01 -1.413255501142162418e-01 -1.493478622174422010e-01 -3.390244129529246808e-01 1.014804559914170706e-01 -3.705750193606683895e-01 -4.540224445052042368e-01 7.150256538133008266e-02 1.231507038000959481e-01 1.165284687267267860e-01 5.012487956265325728e-01
5.573128007880675527e-01 -7.606551641919920281e-02 -7.942186258945318489e-01 4.231055126812298672e-01 1.881987080445064187e-01 -1.486923619003130415e-01 -1.344359970360413103e-01 -4.083295607129595051e-01 1.095193821858789357e-01 -3.388457730630908826e-01 -4.889796451437236069e-01 7.558701734651657178e-02 1.201131777877992024e-01 1.459325136281325042e-01 5.261500495373081510e-01
5.798968619415176828e-01 -1.035065255958909775e-01 -7.848747053956063313e-01 3.740353852981483374e-01 1.751838918080022567e-01 -1.006315849364719239e-01 -1.090860240514064383e-01 -3.827221488142512618e-01 1.120666226624909695e-01 -3.341745148977379176e-01 -4.251064259088848662e-01 4.439627882712866846e-02 1.037766377107886828e-01 1.842969297719248833e-01 5.408163862567971769e-01
5.691895025326559887e-01 -1.214461201304645743e-01 -7.538347194394691142e-01 4.171854970773465343e-01 2.362542779888983924e-01 -1.312442537710475920e-01 -8.033161574116270964e-02 -3.593784846084479012e-01 1.044324015419188234e-01 -3.353442898903598035e-01 -4.324293191742726306e-01 4.578800087813113956e-02 1.515807434891268402e-01 1.133063180995745739e-01 5.761398852673589310e-01
4.848955523053500860e-01 -6.919624838519433663e-02 -7.559598469334051218e-01 5.408069352799210749e-01 1.581629598929605585e-01 -1.871820275651243648e-01 -1.374866241346053564e-01 -3.922413209162614045e-01 1.234562055302354522e-01 -3.403739880437191556e-01 -5.718736544589230197e-01 9.854183238052323379e-02 9.267444669545374381e-02 1.988283673647465721e-01 5.673075080955118921e-01
